Dimention: 50
Matrix[A]: 
[[23 46 26 ... 27 46 47]
 [32 44 22 ... 34 47 27]
 [30 42 26 ... 45 36 24]
 ...
 [46 30 39 ... 44 45 49]
 [39 27 47 ... 27 39 43]
 [24 43 39 ... 30 41 29]]
Matrix[B]: 
[40 29 50 38 48 23 41 21 47 33 45 25 41 28 44 33 26 26 28 24 40 48 39 40
 48 25 40 50 36 46 40 34 27 36 29 33 24 48 48 45 21 38 33 30 48 44 50 38
 21 30]
Solution : 
[ 0.07886401  1.72058219 -2.9371393  -1.84230645 -1.84100011 -0.57701634
 -3.86825059 -1.10045441  4.7328718   4.75930651  0.70147809 -2.65249852
 -0.62441932 -2.08073993  0.42087494 -3.15668898 -1.08113869  1.66658476
 -0.48229263  0.25579073  1.84908037 -0.09750948 -3.73430184  0.76647206
  0.87605062  5.47656049 -0.52057276  2.01318987 -0.57157404  0.46232108
  0.43959438  1.12617995  1.2000633   4.79678884 -1.13590597 -0.67329301
 -2.28839507 -0.78746969  1.66223989  0.8693588   0.70285004  0.62420941
 -2.29113845 -0.95026694  2.52366635  2.65301328  0.18436235 -2.25288717
 -1.29253261 -2.44144117]
